column_1 :
1111100000
1111100000
1111100000
1111100000
0011100000
0011100000
0011110000
0011110000
0011110000
0011110000
0011110000
0011110000
0011110000
0011110000
0011110000
0011110000
0011110000
0011110000
0011110000
0011110000
0011110000
0011110000
0011110000
0011110000
0011110000
0011110000
0011110000
0011110000
0011110000
0011110000
0011110000
0011110000
0011110000
0011110000
0011110000
0011110000
0011110000
0011110000
0011110000
0011110000
0011110000
0011110000
0011110000
0011110000
0011110000
0011110000
0011110000
0011110000
0011110000
0011110000
0011110000
0011110000
0011110000
0011110000
0011110000
0011110000
0011110000
0011110000
0011110000
0011110000
0011110000
0011110000
0011110000
0011110000
0011110000
0011110000
0011110000
0011110000
0011110000
0011110000
0011110000
0011110000
0011110000
00111100