column_3 :
1110111000
1110111000
1110111000
1110111000
1110111000
1110111000
1110111000
1110111000
1110111000
1110111000
1110111000
1110111000
1110111000
1110111000
1110111000
1110111000
1110111000
1110111000
1110111000
1110111000
1110111000
1110111000
1110111000
1110111000
1110111000
1110111000
1110111000
1110111000
1110111000
1110111000
1110111000
1110111000
1110111000
1110111000
1110111000
1110111000
1110111000
1110111000
1110111000
1110111000
1110111000
1110111000
1110111000
1110111000
1110111000
1110111000
1110111000
1110111000
1110111000
1110111000
1110111000
1110111000
1110111000
1110111000
1110111000
1110111000
1110111000
1110111000
1110111000
1110111000
1110111000
1110111000
1110111000
1110111000
1110111000
1110111000
1110111000
1110111000
1110111000
1110111000
1110111000
1110111000
1110111000
1110111