column_0 :
1000011111
0000011111
0000011111
0000011111
0000011111
0000011111
0000011111
0000011111
0000011111
0000011111
0000011111
0000011111
0000011111
0000011111
0000011111
0000011111
0000011111
0000011111
0000011111
0000011111
0000011111
0000011111
0000011111
0000011111
0000011111
0000011111
0000011111
0000011111
0000011111
0000011111
0000011111
0000011111
0000011111
0000011111
0000011111
0000011111
0000011111
0000011111
0000011111
0000011111
0000011111
0000011111
0000011111
0000011111
0000011111
0000011111
0000011111
0000011111
0000011111
0000011111
0000011111
0000011111
0000011111
0000011111
0000011111
0000011111
0000011111
0000011111
0000011111
0000011111
0000011111
0000011111
0000011111
0000011111
0000011111
0000011111
0000011111
0000011111
0000011111
0000011111
0000011111
0000011111
0000011111
00000111