column_2 :
1011110000
1011110000
0011110000
0011110000
0011110000
0011110000
0011110000
0011110000
0011110000
0011110000
0011110000
0011110000
0011110000
0011110000
0011110000
0011110000
0011110000
0011110000
0011110000
0011110000
0011110000
0011110000
0011110000
0011110000
0011110000
0011110000
0011110000
0011110000
0011110000
0011110000
0011110000
0011110000
0011110000
0011110000
0011110000
0011110000
0011110000
0011110000
0011110000
0011110000
0011110000
0011110000
0011110000
0011110000
0011110000
0011110000
0011110000
0011110000
0011110000
0011110000
0011110000
0011110000
0011110000
0011110000
0011110000
0011110000
0011110000
0011110000
0011110000
0011110000
0011110000
0011110000
0011110000
0011110000
0011110000
0011110000
0011110000
0011110000
0011110000
0011110000
0011110000
0011110000
0011110000
00111100