column_4 :
1111110000
1111110000
1111110000
1111110000
1111110000
1111110000
1111110000
1111110000
1111110000
1111110000
1111110000
1111110000
1111110000
1111110000
1111110000
1111110000
1111110000
1111110000
1111110000
1111110000
1111110000
1111110000
1111110000
1111110000
1111110000
1111110000
1111110000
1111110000
1111110000
1111110000
1111110000
1111110000
1111110000
1111110000
1111110000
1111110000
1111110000
1111110000
1111110000
1111110000
1111110000
1111110000
1111110000
1111110000
1111110000
1111110000
1111110000
1111110000
1111110000
1111110000
1111110000
1111110000
1111110000
1111110000
1111110000
1111110000
1111110000
1111110000
1111110000
1111110000
1111110000
1111110000
1111110000
1111110000
1111110000
1111110000
1111110000
1111110000
1111110000
1111110000
1111110000
1111110000
1111110000
1111110